Solution for first Board:

5 3 4 | 6 7 8 | 9 1 2
6 7 2 | 1 9 5 | 3 4 8
1 9 8 | 3 4 2 | 5 6 7
---------------------
8 5 9 | 7 6 1 | 4 2 3
4 2 6 | 8 5 3 | 7 9 1
7 1 3 | 9 2 4 | 8 5 6
---------------------
9 6 1 | 5 3 7 | 2 8 4
2 8 7 | 4 1 9 | 6 3 5
3 4 5 | 2 8 6 | 1 7 7

Solution for Second Board:

2 7 1 | 6 8 3 | 9 5 4
4 8 3 | 7 5 9 | 1 9 6
9 6 5 | 4 2 1 | 7 8 8
---------------------
5 9 4 | 8 1 7 | 2 6 3
3 6 2 | 5 9 4 | 8 1 7
8 1 7 | 2 3 6 | 6 4 9
---------------------
1 4 8 | 9 6 2 | 3 7 5
7 3 6 | 1 4 5 | 4 2 8
6 2 9 | 3 7 8 | 5 9 1

Solution for Third Board:

4 2 6 | 9 5 3 | 7 8 1
7 3 8 | 1 6 9 | 2 4 5
2 5 9 | 8 4 7 | 3 6 8
---------------------
1 8 3 | 6 2 4 | 5 7 9
5 4 7 | 3 9 2 | 8 1 6
9 6 2 | 7 8 1 | 4 3 5
---------------------
3 9 1 | 2 7 5 | 6 1 4
6 7 4 | 5 3 8 | 9 2 7
8 1 5 | 4 1 6 | 2 9 3

